  Title : aaltojunior2019
  Version : 1 955 M
  Revision : 10 bits ADC
  Date : 2019-10-03
  Time : 09:52:00
  Author : Unknown
  Company : Unknown
  Contents :
  
*BLOCK 1  ( Time[ns]  No_of_photons )
0.000000     0
0.048857     0
0.097715     0
0.146572     0
0.195429     2
0.244286    10
0.293144    11
0.342001    14
0.390858    13
0.439716    12
0.488573    14
0.537430    17
0.586288    14
0.635145    18
0.684002    17
0.732859    15
0.781717    18
0.830574    17
0.879431    18
0.928289    26
0.977146    17
1.026003    15
1.074860    27
1.123718    17
1.172575     9
1.221432    19
1.270290    20
1.319147    14
1.368004    24
1.416862    20
1.465719    24
1.514576    19
1.563433    17
1.612291    20
1.661148    25
1.710005    16
1.758863    26
1.807720    17
1.856577    24
1.905434    24
1.954292    23
2.003149    21
2.052006    16
2.100864    22
2.149721    18
2.198578    19
2.247435    19
2.296293    14
2.345150    28
2.394007    55
2.442865    82
2.491722    77
2.540579    90
2.589437    81
2.638294    88
2.687151    80
2.736008    91
2.784866    75
2.833723    74
2.882580    82
2.931438    85
2.980295    76
3.029152    77
3.078009    54
3.126867    73
3.175724    70
3.224581    40
3.273439    64
3.322296    62
3.371153    70
3.420011    55
3.468868    58
3.517725    53
3.566582    65
3.615440    48
3.664297    52
3.713154    61
3.762012    50
3.810869    52
3.859726    39
3.908583    45
3.957441    50
4.006298    37
4.055155    53
4.104013    37
4.152870    45
4.201727    43
4.250585    27
4.299442    43
4.348299    34
4.397156    42
4.446014    43
4.494871    41
4.543728    36
4.592586    31
4.641443    44
4.690300    32
4.739157    35
4.788015    34
4.836872    35
4.885729    32
4.934587    23
4.983444    39
5.032301    28
5.081158    28
5.130016    24
5.178873    35
5.227730    38
5.276588    24
5.325445    32
5.374302    29
5.423160    38
5.472017    37
5.520874    42
5.569731    26
5.618589    18
5.667446    22
5.716303    31
5.765161    37
5.814018    34
5.862875    17
5.911732    22
5.960590    21
6.009447    31
6.058304    24
6.107162    30
6.156019    20
6.204876    30
6.253734    32
6.302591    27
6.351448    22
6.400305    30
6.449163    29
6.498020    25
6.546877    18
6.595735    24
6.644592    25
6.693449    18
6.742306    30
6.791164    34
6.840021    30
6.888878    23
6.937736    22
6.986593    10
7.035450    19
7.084308    19
7.133165    18
7.182022    17
7.230879    21
7.279737    27
7.328594    21
7.377451    21
7.426309    20
7.475166    23
7.524023    26
7.572880    22
7.621738    31
7.670595    24
7.719452    10
7.768310    28
7.817167    20
7.866024    17
7.914882    24
7.963739    25
8.012596    34
8.061453    22
8.110311    19
8.159168    20
8.208025    29
8.256883    21
8.305740    27
8.354597    17
8.403454    22
8.452312    24
8.501169    23
8.550026    30
8.598884    26
8.647741    24
8.696598    19
8.745455    25
8.794313    23
8.843170    28
8.892027    24
8.940885    16
8.989742    23
9.038599    21
9.087457    24
9.136314    17
9.185171    15
9.234028    15
9.282886    27
9.331743    18
9.380600    18
9.429458    13
9.478315    22
9.527172    19
9.576029    16
9.624887    14
9.673744    21
9.722601    19
9.771459    14
9.820316    14
9.869173    17
9.918031    21
9.966888    16
10.015745    13
10.064602    10
10.113460    17
10.162317    13
10.211174    14
10.260032    23
10.308889    11
10.357746    15
10.406603    20
10.455461    17
10.504318    20
10.553175    22
10.602033    17
10.650890    16
10.699747    25
10.748605    16
10.797462    17
10.846319    25
10.895176    21
10.944034    14
10.992891    15
11.041748    18
11.090606    23
11.139463    17
11.188320    18
11.237177    17
11.286035    16
11.334892    30
11.383749    14
11.432607    21
11.481464    17
11.530321    29
11.579178    26
11.628036    16
11.676893    21
11.725750    18
11.774608    18
11.823465    23
11.872322    18
11.921180    20
11.970037    23
12.018894    24
12.067751    19
12.116609    17
12.165466    14
12.214323    26
12.263181    16
12.312038    18
12.360895    16
12.409752    20
12.458610    20
12.507467    25
12.556324    21
12.605182    16
12.654039    13
12.702896    18
12.751754    19
12.800611    18
12.849468    30
12.898325    18
12.947183    23
12.996040    21
13.044897    14
13.093755    23
13.142612    13
13.191469    20
13.240326    17
13.289184    25
13.338041    13
13.386898    19
13.435756    16
13.484613    20
13.533470    16
13.582328    13
13.631185    25
13.680042    20
13.728899    13
13.777757    21
13.826614    15
13.875471    27
13.924329    19
13.973186    21
14.022043    19
14.070900    17
14.119758    25
14.168615    16
14.217472    18
14.266330    19
14.315187    15
14.364044    14
14.412901    18
14.461759    19
14.510616    22
14.559473    15
14.608331    11
14.657188    17
14.706045    22
14.754903    17
14.803760    23
14.852617    18
14.901474    17
14.950332    13
14.999189    26
15.048046    19
15.096904    19
15.145761    22
15.194618    17
15.243475    14
15.292333    22
15.341190    42
15.390047    68
15.438905    77
15.487762    79
15.536619   110
15.585477    89
15.634334    95
15.683191    90
15.732048    76
15.780906    86
15.829763    68
15.878620    78
15.927478    56
15.976335    68
16.025192    70
16.074049    79
16.122907    69
16.171764    69
16.220621    57
16.269479    54
16.318336    62
16.367193    65
16.416051    55
16.464908    60
16.513765    43
16.562622    54
16.611480    49
16.660337    36
16.709194    56
16.758052    54
16.806909    47
16.855766    41
16.904623    55
16.953481    47
17.002338    55
17.051195    33
17.100053    38
17.148910    42
17.197767    40
17.246625    31
17.295482    50
17.344339    39
17.393196    39
17.442054    41
17.490911    43
17.539768    39
17.588626    36
17.637483    28
17.686340    35
17.735197    39
17.784055    39
17.832912    27
17.881769    31
17.930627    48
17.979484    31
18.028341    26
18.077198    22
18.126056    33
18.174913    26
18.223770    41
18.272628    25
18.321485    28
18.370342    29
18.419200    27
18.468057    20
18.516914    33
18.565771    34
18.614629    31
18.663486    20
18.712343    29
18.761201    28
18.810058    27
18.858915    24
18.907772    34
18.956630    33
19.005487    28
19.054344    13
19.103202    20
19.152059    27
19.200916    23
19.249774    30
19.298631    32
19.347488    22
19.396345    22
19.445203    25
19.494060    27
19.542917    32
19.591775    25
19.640632    25
19.689489    30
19.738346    27
19.787204    21
19.836061    31
19.884918    25
19.933776    23
19.982633    17
20.031490    24
20.080348    26
20.129205    21
20.178062    17
20.226919    17
20.275777    30
20.324634    25
20.373491    20
20.422349    24
20.471206    27
20.520063    20
20.568920    23
20.617778    27
20.666635    29
20.715492    26
20.764350    14
20.813207    25
20.862064    20
20.910921    20
20.959779    21
21.008636    18
21.057493    21
21.106351    24
21.155208    23
21.204065    19
21.252923    17
21.301780    26
21.350637    18
21.399494    22
21.448352    18
21.497209    16
21.546066    24
21.594924    16
21.643781    19
21.692638    12
21.741495    20
21.790353    15
21.839210    19
21.888067    17
21.936925    20
21.985782    22
22.034639    21
22.083497    22
22.132354    24
22.181211    19
22.230068    22
22.278926    24
22.327783    23
22.376640    26
22.425498    23
22.474355    20
22.523212    25
22.572069    16
22.620927    18
22.669784    19
22.718641    20
22.767499    17
22.816356    29
22.865213    21
22.914071    28
22.962928    18
23.011785    24
23.060642    29
23.109500    15
23.158357    23
23.207214    15
23.256072    19
23.304929    21
23.353786    21
23.402643    27
23.451501    24
23.500358    19
23.549215    20
23.598073    22
23.646930    17
23.695787    19
23.744645    14
23.793502    26
23.842359    28
23.891216    16
23.940074    15
23.988931    20
24.037788    18
24.086646    22
24.135503    17
24.184360    14
24.233217    24
24.282075    19
24.330932    21
24.379789    24
24.428647    22
24.477504    11
24.526361    19
24.575218    21
24.624076    12
24.672933    13
24.721790    23
24.770648    21
24.819505    22
24.868362    18
24.917220    19
24.966077    18
25.014934    25
25.063791    26
25.112649    21
25.161506    17
25.210363    17
25.259221    13
25.308078    24
25.356935    14
25.405792    24
25.454650     9
25.503507    11
25.552364    10
25.601222    16
25.650079    18
25.698936    20
25.747794    17
25.796651    19
25.845508    23
25.894365    23
25.943223    22
25.992080    23
26.040937    20
26.089795    15
26.138652    16
26.187509    17
26.236366    19
26.285224    21
26.334081    19
26.382938    19
26.431796    29
26.480653    15
26.529510    16
26.578368    20
26.627225    19
26.676082    14
26.724939     8
26.773797    16
26.822654    17
26.871511    13
26.920369    22
26.969226    15
27.018083    16
27.066940    16
27.115798    27
27.164655    16
27.213512    22
27.262370    26
27.311227    15
27.360084    22
27.408941    19
27.457799    18
27.506656    24
27.555513    17
27.604371    16
27.653228    10
27.702085    19
27.750943    21
27.799800    18
27.848657    18
27.897514    18
27.946372    11
27.995229    22
28.044086    19
28.092944    20
28.141801    21
28.190658    18
28.239515    23
28.288373    22
28.337230    21
28.386087    41
28.434945    88
28.483802   105
28.532659   101
28.581517    79
28.630374    82
28.679231    73
28.728088    76
28.776946    63
28.825803    92
28.874660    73
28.923518    67
28.972375    77
29.021232    70
29.070089    68
29.118947    64
29.167804    54
29.216661    70
29.265519    54
29.314376    69
29.363233    55
29.412091    71
29.460948    60
29.509805    46
29.558662    65
29.607520    47
29.656377    57
29.705234    44
29.754092    47
29.802949    47
29.851806    30
29.900663    29
29.949521    49
29.998378    39
30.047235    56
30.096093    38
30.144950    39
30.193807    33
30.242664    41
30.291522    34
30.340379    38
30.389236    50
30.438094    41
30.486951    32
30.535808    31
30.584666    35
30.633523    34
30.682380    45
30.731237    45
30.780095    35
30.828952    37
30.877809    30
30.926667    34
30.975524    37
31.024381    29
31.073238    33
31.122096    28
31.170953    28
31.219810    41
31.268668    39
31.317525    21
31.366382    32
31.415240    34
31.464097    28
31.512954    27
31.561811    27
31.610669    22
31.659526    24
31.708383    32
31.757241    33
31.806098    30
31.854955    30
31.903812    30
31.952670    37
32.001527    25
32.050384    26
32.099242    32
32.148099    34
32.196956    30
32.245814    26
32.294671    26
32.343528    16
32.392385    21
32.441243    31
32.490100    26
32.538957    23
32.587815    24
32.636672    18
32.685529    17
32.734386    31
32.783244    24
32.832101    33
32.880958    30
32.929816    34
32.978673    21
33.027530    17
33.076388    21
33.125245    23
33.174102    29
33.222959    28
33.271817    34
33.320674    20
33.369531    21
33.418389    18
33.467246    20
33.516103    26
33.564960    19
33.613818    21
33.662675    19
33.711532    21
33.760390    25
33.809247    13
33.858104    27
33.906961    16
33.955819    26
34.004676    29
34.053533    22
34.102391    16
34.151248     7
34.200105    21
34.248963    23
34.297820    24
34.346677    22
34.395534    16
34.444392    15
34.493249    19
34.542106    24
34.590964    19
34.639821    27
34.688678    22
34.737535    18
34.786393    23
34.835250    25
34.884107    24
34.932965    15
34.981822    11
35.030679    19
35.079537    20
35.128394    12
35.177251    16
35.226108    15
35.274966    10
35.323823    17
35.372680    20
35.421538    16
35.470395    24
35.519252    17
35.568109    16
35.616967    22
35.665824    19
35.714681    18
35.763539    19
35.812396    19
35.861253    25
35.910111    17
35.958968     9
36.007825    19
36.056682    23
36.105540    25
36.154397    23
36.203254    26
36.252112    18
36.300969    15
36.349826    15
36.398683    18
36.447541    18
36.496398    17
36.545255    15
36.594113    13
36.642970    22
36.691827    22
36.740684    28
36.789542    21
36.838399    12
36.887256    10
36.936114    17
36.984971    19
37.033828    18
37.082686    21
37.131543    16
37.180400    26
37.229257    18
37.278115    15
37.326972    14
37.375829    17
37.424687    18
37.473544    16
37.522401    15
37.571258    16
37.620116    20
37.668973    13
37.717830    25
37.766688    18
37.815545    28
37.864402    24
37.913260    11
37.962117    24
38.010974    19
38.059831    21
38.108689    19
38.157546    24
38.206403    18
38.255261    20
38.304118    11
38.352975    18
38.401832    23
38.450690    21
38.499547     9
38.548404    15
38.597262    17
38.646119    16
38.694976    18
38.743834    22
38.792691    20
38.841548    15
38.890405    20
38.939263    14
38.988120    25
39.036977    17
39.085835    11
39.134692    12
39.183549    17
39.232406    10
39.281264    17
39.330121    23
39.378978    17
39.427836    21
39.476693    17
39.525550    17
39.574408    18
39.623265    22
39.672122    24
39.720979    19
39.769837    16
39.818694    17
39.867551    21
39.916409    19
39.965266    16
40.014123    26
40.062980    20
40.111838    20
40.160695     8
40.209552    23
40.258410    13
40.307267    12
40.356124    18
40.404981    23
40.453839    21
40.502696    21
40.551553    22
40.600411    21
40.649268    24
40.698125    21
40.746983    19
40.795840    12
40.844697    21
40.893554    23
40.942412    22
40.991269    18
41.040126    21
41.088984    22
41.137841    12
41.186698    19
41.235555    20
41.284413    17
41.333270    21
41.382127    32
41.430985    78
41.479842    88
41.528699    74
41.577557    89
41.626414    88
41.675271    82
41.724128    78
41.772986    63
41.821843    79
41.870700    83
41.919558    70
41.968415    80
42.017272    70
42.066129    54
42.114987    58
42.163844    73
42.212701    65
42.261559    65
42.310416    75
42.359273    53
42.408131    49
42.456988    65
42.505845    70
42.554702    58
42.603560    47
42.652417    46
42.701274    52
42.750132    43
42.798989    48
42.847846    42
42.896703    37
42.945561    42
42.994418    54
43.043275    35
43.092133    52
43.140990    36
43.189847    35
43.238704    52
43.287562    38
43.336419    28
43.385276    44
43.434134    30
43.482991    43
43.531848    30
43.580706    35
43.629563    40
43.678420    40
43.727277    29
43.776135    32
43.824992    33
43.873849    28
43.922707    43
43.971564    33
44.020421    39
44.069278    31
44.118136    33
44.166993    33
44.215850    23
44.264708    34
44.313565    27
44.362422    30
44.411280    38
44.460137    25
44.508994    37
44.557851    31
44.606709    32
44.655566    35
44.704423    39
44.753281    27
44.802138    25
44.850995    31
44.899852    25
44.948710    34
44.997567    20
45.046424    18
45.095282    29
45.144139    21
45.192996    26
45.241854    30
45.290711    28
45.339568    33
45.388425    20
45.437283    30
45.486140    20
45.534997    31
45.583855    19
45.632712    26
45.681569    28
45.730426    22
45.779284    30
45.828141    21
45.876998    31
45.925856    27
45.974713    25
46.023570    23
46.072427    22
46.121285    20
46.170142    28
46.218999    24
46.267857    18
46.316714    36
46.365571    17
46.414429    27
46.463286    19
46.512143    21
46.561000    19
46.609858    25
46.658715    16
46.707572    22
46.756430    15
46.805287    26
46.854144    17
46.903001    14
46.951859    20
47.000716    25
47.049573    25
47.098431    22
47.147288    24
47.196145    26
47.245003    27
47.293860    27
47.342717    24
47.391574    23
47.440432    17
47.489289    21
47.538146    21
47.587004    21
47.635861    27
47.684718    18
47.733575    20
47.782433    19
47.831290    18
47.880147    21
47.929005    19
47.977862    28
48.026719    23
48.075577    21
48.124434    17
48.173291    29
48.222148    21
48.271006    15
48.319863    17
48.368720    21
48.417578    23
48.466435    27
48.515292    32
48.564149    26
48.613007    33
48.661864    23
48.710721    26
48.759579    22
48.808436    25
48.857293    25
48.906151    27
48.955008    17
49.003865    26
49.052722    24
49.101580    26
49.150437    19
49.199294    21
49.248152    25
49.297009    19
49.345866    21
49.394723    23
49.443581    20
49.492438    10
49.541295    16
49.590153    23
49.639010    12
49.687867    14
49.736724    20
49.785582    13
49.834439    11
49.883296    10
49.932154    14
49.981011    13
*END
